4.076870280802861179e-01 5.536604011186008201e-02 7.885348774867526611e-01
2.873051847893458577e-01 4.503505869672711492e-01 3.039123053407655206e-01
5.263995242971454269e-01 6.238122128846866898e-01 7.767754577249573744e-01
6.862416453664573757e-01 9.809388631878050990e-01 6.008160922159131445e-01
8.139685199429955720e-01 7.086451521631986772e-01 2.753468032253258979e-02
9.042672172317278712e-01 4.499048512536294453e-01 1.189246540025047372e-01
8.353001759471462284e-01 2.022482262847841161e-01 1.742026705579186041e-01
4.491470796888312744e-01 6.697947806136109739e-01 9.573991090859909070e-01
8.333332507241334453e-01 5.083099649576006129e-01 6.300235477735955936e-01
8.350346860096696799e-01 4.473316453056825903e-01 7.622904742769843756e-01
6.369222423714194781e-01 3.622958940337370759e-01 1.457454949102243713e-02
5.419848909580954333e-01 3.181554811157881746e-01 1.449903471665011656e-01
5.488919472795780186e-01 1.874812731406586552e-01 3.989814762159096251e-01
2.400382065040898016e-01 3.665485277358337957e-02 5.685447571589641313e-01
9.227647990546400392e-01 1.790551058149697505e-01 7.030776682681730838e-01
7.200127950570139879e-01 3.106401861008722953e-02 5.828253068387627689e-01
6.976775955212329849e-01 9.098534678152114807e-01 9.666979932130747022e-01
8.357295318600620471e-01 9.511213696125734307e-01 5.063255292570502109e-01
1.944983817302957663e-01 6.964475381882395677e-02 9.257956703978148516e-01
3.913264808925892568e-01 4.081707283582107770e-01 1.709050507067864100e-01
